outputDirectory = "/home/eugene/Output/";

networkParameters = 
{
	N_RA = 300;
	N_TR = 4;
	N_I = 100;
};

synapticParameters = 
{
	Nss = 4;

	R = 1.000000;

	A_P = 0.000025;
	A_D = 0.000025;
	F_0 = 1.200000;
	T_P = 10.000000;
	T_D = 10.000000;
	TAU_P = 30.000000;
	TAU_D = 30.000000;

	BETA = 0.999900;
	BETA_SUPERSYNAPSE = 0.999900;

	ACTIVATION_THRESHOLD = 0.000500;
	SUPERSYNAPSE_THRESHOLD = 0.015000;
	WEIGHT_MAX = 0.050000;

	STDP_WINDOW = 100.000000;
};

spatialParameters = 
{
	SIDE = 100.000000;
	MIN_INTERNEURON_DISTANCE = 0.010000;

	A_RA2I = 5.000000;
	SIGMA_RA2I = 8.000000;
	B_I2RA = 5.000000;
	SIGMA_I2RA = 6.000000;

	Gei_mean = 0.250000;
	Gei_std = 0.000000;
	Gie_mean = 0.200000;
	Gie_std = 0.000000;

};

gabaParameters = 
{
	E_GABA_MATURE = -80.000000;
	E_GABA_IMMATURE = -55.000000;

	GABA_RATE_THRESHOLD = 0.050000;
	MATURATION_RATE_THRESHOLD = 0.900000;
	DEATH_RATE_THRESHOLD = 0.010000;

	RATE_WINDOW_SHORT = 50;
	RATE_WINDOW_LONG = 500;

	GABA_DOWN = 0.065000;
};

timeParameters = 
{
	timestep = 0.020000;
	network_update_frequency = 0.100000;
	trial_duration = 1000.000000;
	WAITING_TIME = 200.000000;
};

noiseParameters = 
{
	white_noise_mean_soma = 0.000000;
	white_noise_std_soma = 100.000000;
	white_noise_mean_dend = 0.000000;
	white_noise_std_dend = 200.000000;
};

